Haswell
wfqueue 1       1012.84 19.17 0.019
wfqueue0 1       970.85 4.24 0.004
faa 1       781.28 0.26 0.000
lcrq 1       1273.25 2.37 0.002
ccqueue 1       807.54 2.17 0.003
msqueue 1       1654.89 5.35 0.003
wfqueue 2       735.82 1.07 0.001
wfqueue0 2       738.78 0.64 0.001
faa 2       540.56 4.26 0.008
lcrq 2       850.35 9.02 0.011
ccqueue 2       597.07 0.53 0.001
msqueue 2       1986.82 7.79 0.004
wfqueue 4       705.72 11.51 0.016
wfqueue0 4       714.43 11.98 0.017
faa 4       423.51 15.59 0.037
lcrq 4       747.94 14.52 0.019
ccqueue 4       1129.35 20.55 0.018
msqueue 4       2658.82 58.51 0.022
wfqueue 8       490.31 4.80 0.010
wfqueue0 8       491.81 6.62 0.013
faa 8       250.89 6.23 0.025
lcrq 8       495.79 4.61 0.009
ccqueue 8       1180.62 22.18 0.019
msqueue 8       2267.64 142.69 0.063
wfqueue 16       381.40 3.24 0.008
wfqueue0 16       391.95 5.44 0.014
faa 16       223.65 7.81 0.035
lcrq 16       387.30 1.97 0.005
ccqueue 16       855.36 14.07 0.016
msqueue 16       3523.11 169.74 0.048
wfqueue 36       355.45 7.07 0.020
wfqueue0 36       377.02 6.97 0.018
faa 36       220.60 2.59 0.012
lcrq 36       344.30 12.32 0.036
ccqueue 36       818.00 14.02 0.017
msqueue 36       5225.03 93.00 0.018
wfqueue 72       746.03 18.30 0.025
wfqueue0 72       1082.13 25.65 0.024
faa 72       649.34 12.82 0.020
lcrq 72       749.70 19.24 0.026
ccqueue 72       1310.56 14.98 0.011
msqueue 72       12329.73 368.50 0.030

XeonPhi
wfqueue 1 1321.50 3.33 0.003
wfqueue0 1 1313.46 3.04 0.002
faa 1 1039.89 1.88 0.002
ccqueue 1 1114.08 1.91 0.002
msqueue 1 1917.56 1.98 0.001
wfqueue 2 905.97 0.66 0.001
wfqueue0 2 903.22 0.73 0.001
faa 2 694.46 0.87 0.001
ccqueue 2 740.72 0.79 0.001
msqueue 2 1763.61 10.00 0.006
wfqueue 4 888.44 0.28 0.000
wfqueue0 4 882.81 0.82 0.001
faa 4 708.20 6.57 0.009
ccqueue 4 750.57 8.46 0.011
msqueue 4 1746.91 1.53 0.001
wfqueue 8 471.98 3.83 0.008
wfqueue0 8 465.18 3.43 0.007
faa 8 363.58 1.04 0.003
ccqueue 8 858.11 37.88 0.044
msqueue 8 1884.03 21.97 0.012
wfqueue 16 252.63 2.18 0.009
wfqueue0 16 287.92 6.43 0.022
faa 16 189.13 1.76 0.009
ccqueue 16 1399.13 40.72 0.029
msqueue 16 1333.11 23.97 0.018
wfqueue 32 145.76 2.59 0.018
wfqueue0 32 184.20 5.39 0.029
faa 32 105.11 1.83 0.017
ccqueue 32 1586.87 20.59 0.013
msqueue 32 2111.54 254.34 0.120
wfqueue 64 91.10 2.07 0.023
wfqueue0 64 255.07 2.44 0.010
faa 64 68.73 3.91 0.057
ccqueue 64 1740.73 48.24 0.028
msqueue 64 2863.99 987.02 0.345
wfqueue 128 66.80 3.24 0.049
wfqueue0 128 287.66 3.83 0.013
faa 128 52.82 6.17 0.117
ccqueue 128 1844.12 17.18 0.009
msqueue 128 7040.48 1341.98 0.191
wfqueue 228 69.86 1.68 0.024
wfqueue0 228 334.27 6.08 0.018
faa 228 53.49 1.02 0.019
ccqueue 228 2148.17 6.37 0.003
msqueue 228 11798.24 615.10 0.052

Magny-Cour
wfqueue 1 2583.97 13.72 0.005
wfqueue0 1 2537.35 3.19 0.001
faa 1 1950.71 0.97 0.000
lcrq 1 3174.62 6.09 0.002
ccqueue 1 2248.44 7.13 0.003
msqueue 1 4177.77 11.63 0.003
wfqueue 2 2944.36 11.75 0.004
wfqueue0 2 2934.78 5.23 0.002
faa 2 2106.96 125.06 0.059
lcrq 2 2927.23 21.67 0.007
ccqueue 2 4821.13 378.50 0.079
msqueue 2 12743.12 725.61 0.057
wfqueue 4 1785.00 4.18 0.002
wfqueue0 4 1774.63 6.27 0.004
faa 4 1236.23 167.58 0.136
lcrq 4 1750.00 12.01 0.007
ccqueue 4 5125.74 255.77 0.050
msqueue 4 7692.67 37.69 0.005
wfqueue 8 1158.07 23.00 0.020
wfqueue0 8 1168.24 25.68 0.022
faa 8 874.06 60.46 0.069
lcrq 8 1129.49 4.91 0.004
ccqueue 8 3746.87 15.98 0.004
msqueue 8 10656.71 780.42 0.073
wfqueue 12 1024.95 12.51 0.012
wfqueue0 12 1403.56 11.24 0.008
faa 12 952.41 11.34 0.012
lcrq 12 1001.18 3.57 0.004
ccqueue 12 3121.17 5.10 0.002
msqueue 12 18250.30 224.69 0.012
wfqueue 24 1311.76 9.93 0.008
wfqueue0 24 2205.21 8.99 0.004
faa 24 1264.50 5.40 0.004
lcrq 24 1303.96 9.44 0.007
ccqueue 24 3447.69 2.38 0.001
msqueue 24 39732.89 596.49 0.015
wfqueue 48 1556.29 15.02 0.010
wfqueue0 48 2466.63 35.48 0.014
faa 48 1479.12 5.16 0.003
lcrq 48 1523.71 8.51 0.006
ccqueue 48 3744.75 6.46 0.002
msqueue 48 57253.29 991.27 0.017

