fifo 1 2745.82 4.44 0.002
fifo0 1 2730.34 2.79 0.001
faa 1 1491.22 0.37 0.000
ccqueue 1 1870.71 3.93 0.002
msqueue 1 4270.72 27.83 0.007
fifo 2 3814.55 0.75 0.000
fifo0 2 3806.62 1.53 0.000
faa 2 1619.23 1.58 0.001
ccqueue 2 6170.76 39.28 0.006
msqueue 2 9686.60 44.21 0.005
fifo 4 2401.43 3.05 0.001
fifo0 4 2404.30 3.82 0.002
faa 4 828.28 0.07 0.000
ccqueue 4 3609.13 8.38 0.002
msqueue 4 6315.48 10.30 0.002
fifo 8 1897.01 4.44 0.002
fifo0 8 1897.47 2.97 0.002
faa 8 557.57 0.06 0.000
ccqueue 8 3532.10 1.43 0.000
msqueue 8 4855.87 6.14 0.001
fifo 16 1395.89 4.90 0.004
fifo0 16 1456.38 1.12 0.001
faa 16 570.25 4.38 0.008
ccqueue 16 4086.56 2.68 0.001
msqueue 16 4931.60 1.04 0.000
fifo 32 1249.50 0.68 0.001
fifo0 32 1447.31 9.91 0.007
faa 32 843.29 15.20 0.018
ccqueue 32 3757.99 3.71 0.001
msqueue 32 5844.63 83.59 0.014
fifo 64 2253.41 42.38 0.019
fifo0 64 2296.49 37.10 0.016
faa 64 1999.93 34.49 0.017
ccqueue 64 3608.20 13.05 0.004
msqueue 64 8367.16 57.83 0.007
fifo 128 2920.52 47.76 0.016
fifo0 128 3116.83 12.43 0.004
faa 128 2541.89 34.86 0.014
ccqueue 128 8660.99 168.00 0.019
msqueue 128 10532.27 45.52 0.004
