100 Guadalupe
fifo 1       949.57 3.89 0.004
fifo 2       745.76 1.02 0.001
fifo 4       762.25 8.72 0.011
fifo 8       522.04 6.63 0.013
fifo 16       415.58 5.50 0.013
fifo 36       353.51 4.02 0.011
fifo 72       748.43 11.67 0.016

0 Guadalupe
fifo 1       951.98 1.85 0.002
fifo 2       1041.98 1.20 0.001
fifo 4       1081.72 20.16 0.019
fifo 8       843.70 7.32 0.009
fifo 16       908.37 4.77 0.005
fifo 36       895.72 2.96 0.003
fifo 72       1173.24 18.45 0.016

100 Mic
fifo 1 1590.05 0.49 0.000
fifo 2 1041.75 2.38 0.002
fifo 4 1019.01 0.64 0.001
fifo 8 540.89 1.92 0.004
fifo 16 289.47 1.65 0.006
fifo 32 164.69 2.78 0.017
fifo 64 99.62 1.98 0.020
fifo 128 73.98 2.06 0.028
fifo 228 76.09 1.44 0.019

0 Mic
fifo 1 1581.34 0.63 0.000
fifo 2 1405.71 1.71 0.001
fifo 4 1271.94 2.79 0.002
fifo 8 715.15 3.18 0.004
fifo 16 700.98 6.37 0.009
fifo 32 663.85 5.18 0.008
fifo 64 614.38 5.54 0.009
fifo 128 501.61 3.10 0.006
fifo 228 489.24 2.07 0.004

100 Les
fifo 1 2748.25 11.93 0.004
fifo 2 3482.12 626.98 0.180
fifo 4 2299.64 513.29 0.223
fifo 8 1502.48 325.21 0.216
fifo 12 1247.44 430.33 0.345
fifo 24 1345.78 134.02 0.100
fifo 48 1524.48 15.52 0.010

0 Les
fifo 1 2563.94 7.05 0.003
fifo 2 4837.64 384.20 0.079
fifo 4 3411.83 547.91 0.161
fifo 8 2735.08 102.15 0.037
fifo 12 3243.16 210.46 0.065
fifo 24 3978.15 51.24 0.013
fifo 48 4308.39 64.89 0.015

100 BioU
fifo 1 3044.67 2.32 0.001
fifo 2 3176.45 2.97 0.001
fifo 4 1898.92 0.62 0.000
fifo 8 1460.16 0.41 0.000
fifo 16 1097.39 2.41 0.002
fifo 32 1084.11 9.53 0.009
fifo 64 2016.44 28.60 0.014
fifo 128 2436.54 14.39 0.006

0 BioU
fifo 1 3140.60 2.20 0.001
fifo 2 4682.25 4.72 0.001
fifo 4 2619.25 0.91 0.000
fifo 8 1685.79 5.39 0.003
fifo 16 1635.73 2.23 0.001
fifo 32 1759.05 5.04 0.003
fifo 64 2020.54 20.64 0.010
fifo 128 1891.23 5.16 0.003

