fifo 1       979.76 9.56 0.010
fifo0 1       984.85 2.18 0.002
faa 1       731.32 0.27 0.000
lcrq 1       1175.52 9.45 0.008
ccqueue 1       780.42 0.53 0.001
msqueue 1       1595.28 5.47 0.003
fifo 2       868.14 2.54 0.003
fifo0 2       756.95 1.85 0.002
faa 2       584.37 0.41 0.001
lcrq 2       798.34 5.64 0.007
ccqueue 2       656.90 0.34 0.001
msqueue 2       1997.51 6.23 0.003
fifo 4       838.45 9.49 0.011
fifo0 4       809.98 14.22 0.018
faa 4       440.34 13.67 0.031
lcrq 4       723.57 16.44 0.023
ccqueue 4       1148.19 26.77 0.023
msqueue 4       2678.51 47.36 0.018
fifo 8       562.05 9.84 0.018
fifo0 8       560.73 6.63 0.012
faa 8       288.35 5.68 0.020
lcrq 8       481.71 5.46 0.011
ccqueue 8       1173.76 23.98 0.020
msqueue 8       2310.83 145.00 0.063
fifo 16       398.53 6.05 0.015
fifo0 16       440.64 7.27 0.017
faa 16       249.69 8.45 0.034
lcrq 16       383.66 1.32 0.003
ccqueue 16       831.37 16.15 0.019
msqueue 16       3576.17 184.93 0.052
fifo 36       333.45 7.90 0.024
fifo0 36       411.30 4.59 0.011
faa 36       231.18 2.73 0.012
lcrq 36       339.91 9.09 0.027
ccqueue 36       802.43 18.66 0.023
msqueue 36       5162.67 100.48 0.019
fifo 72       734.74 16.10 0.022
fifo0 72       1141.12 18.49 0.016
faa 72       660.93 12.53 0.019
lcrq 72       746.72 21.61 0.029
ccqueue 72       1292.88 21.86 0.017
msqueue 72       11936.45 280.19 0.023
