fifo 1 1350.44 1.37 0.001
fifo0 1 1356.34 0.16 0.000
faa 1 1008.05 2.08 0.002
ccqueue 1 1074.44 1.90 0.002
msqueue 1 1858.02 1.43 0.001
fifo 2 903.97 2.39 0.003
fifo0 2 907.52 3.59 0.004
faa 2 660.72 0.87 0.001
ccqueue 2 701.97 0.61 0.001
msqueue 2 1735.60 0.81 0.000
fifo 4 900.04 1.74 0.002
fifo0 4 897.45 1.87 0.002
faa 4 667.63 0.03 0.000
ccqueue 4 703.15 0.07 0.000
msqueue 4 1728.93 3.94 0.002
fifo 8 505.31 6.82 0.013
fifo0 8 512.09 9.83 0.019
faa 8 340.30 1.75 0.005
ccqueue 8 812.50 25.74 0.032
msqueue 8 1999.20 25.35 0.013
fifo 16 288.71 5.45 0.019
fifo0 16 303.69 3.11 0.010
faa 16 174.37 1.13 0.006
ccqueue 16 1348.66 34.42 0.026
msqueue 16 1435.35 28.20 0.020
fifo 32 167.49 3.95 0.024
fifo0 32 205.76 1.86 0.009
faa 32 102.26 4.02 0.039
ccqueue 32 1529.43 17.35 0.011
msqueue 32 2216.12 159.37 0.072
fifo 64 103.87 4.36 0.042
fifo0 64 206.15 2.34 0.011
faa 64 69.66 4.20 0.060
ccqueue 64 1701.48 39.74 0.023
msqueue 64 4343.11 479.22 0.110
fifo 128 79.38 3.10 0.039
fifo0 128 239.57 2.15 0.009
faa 128 50.46 6.30 0.125
ccqueue 128 1839.08 36.16 0.020
msqueue 128 6893.20 1316.67 0.191
fifo 228 76.77 1.46 0.019
fifo0 228 269.03 1.04 0.004
faa 228 55.21 2.09 0.038
ccqueue 228 2179.51 9.67 0.004
msqueue 228 11169.26 456.98 0.041
